8.099606
-3.87821262465476390702
8.54019820636368187650
9.57412427375727048684
-23.44775751889914872095
9.77096931697775872294
-12.41949732378243353992
-16.52090462363932843459
-25.98739151969669691766
-23.68624226672717014708
-7.93276317536288733123
-4.86809980529283325978
-17.42208527280084950917
3.44679899042631143757
-26.95215433703011953526
-16.30152568957819170237
-2.86360033462150065375
-8.78904761890252750334
22.93722002822069683248
3.38842223641269590928
7.31275127885026154928
9.44623993823767804656
9.56325886366926702919
20.12710374647205568976
-11.15852733938446306183
6.28655887636880539304
-7.15161834703142051950
0.86251635380017666055
-18.46949476174295767805
5.02556514747287241818
-19.55059706123807927725
-24.01590989982991786178
-20.58404895069199014301
-6.99087688175254129419
-15.23428185867554240929
5.53781629851738355086
-3.10253393746554451127
-0.64064818208700424762
-21.21910354182761437869
19.06989883628882864741
-27.59602586272881552532
-11.65819334927435946270
-5.87345030089870157042
6.90970966006384657021
-33.97775229896100057658
-11.44669498840697130504
-27.16426464783580385642
-16.00529917812015412437
-16.26797853855126518852
23.19165448349740188405
-21.67819808425581840083
-0.69776319352881377434
-8.02499223588844579069
-4.54682691589054144288
-9.50417885137453133382
-0.34855135564247746727
2.57470562851516904246
-1.41749672410292326674
9.85846131357339849899
32.97546312752446340255
1.59111301947668226653
-1.54665484690841270599
8.60812949284156836427
-10.34464785724452617899
-44.66200335304822033322
-3.29811602185841934443
-13.84770308202388733321
-22.50884045793883814213
-5.39086091314525628349
20.50621487275011745055
9.96352008901409647024
-29.91901837286356879986
15.55774178435350307836
-5.68834104664768958060
2.02643854687628577338
-14.72775107504186209439
20.44125608022385165441
-6.06547608931478965388
22.00980958928554187537
7.71652601895608825089
-13.64740147094033062558
16.75177452034296621264
-6.34554804009404893606
-12.44584071034410399648
21.12847601518162221623
11.87142015161151498148
-9.50942644568941197747
-0.58235254898113242294
8.74039696108715702394
10.27843470047740126461
-10.60897277612039957262
-10.58529139942827868026
9.34123473521180969215
3.86172547938157739722
-12.13660758092973068756
-25.09629108424753951567
13.57713804961375281266
-1.43110454971571243732
-11.54581508936531619725
17.74612611837795483893
-14.32403082790855641804
-18.80913339073677192914
18.88396836289296487621
12.57564434083412763243
0.26413441502291906682
10.15273553324426281108
-44.05654644775280814883
-20.91122178930473651803
28.64572601005509611127
-4.59106794094725945143
9.47506016824683072741
-5.07770198131142347364
6.03890902887555292011
17.67574735674945429764
30.93817987841174854680
12.99359335832861539473
13.75917037821153954269
-6.16257894142615647581
16.97805247719612964374
11.44002880152955725634
-3.09255821220834237195
5.94773362662845439530
16.59861317954494452920
24.80287292767811990757
2.55612880461215530303
5.65630446453319635225
-9.46879023102414585367
-10.72697148016968604622
11.08051230778923113007
27.48866834907465417359
-30.46946209225058410652
-14.16570695606721841386
-12.22170352228508249937
35.63892791239456414587
-25.49946635165290231839
-24.48167637195977164311
1.70039672667987762367
-19.02730866358672301430
5.09236691755545667348
3.43328181969175361132
21.40256422728544549727
-4.64623995494646102600
2.14009669943947189452
-27.90210335274846897846
33.35610703588019987365
24.09423458585705546398
-14.48565364888898976403
15.04654754791854998075
-18.49975901696360836013
-18.82627523775897415703
-3.45902865057454667053
17.83383802897101588769
-22.63318783667639522150
-9.19267981992535609947
12.06276918276486931347
9.39842320068178871395
7.73410864998620972699
-17.66532623270578028496
16.25180456307802501215
0.31836991182416829460
-10.20505522291829336723
-26.79092803554084412099
-7.02706388316091246082
15.05064270073804344463
5.35314835212833806111
14.60632373715308673923
-26.96944248482631678598
-5.65669747418055468557
-25.82184312420804417343
-34.23715525334292664184
23.34957235652193929809
51.68681437516641352659
-2.78700797170326941554
-23.47122727306306444461
13.75601624687554114246
-8.50731050036977975992
13.38191570411292730114
42.68134394719728419432
12.81488741506204753762
-4.19773433893248970605
6.79869587849414269698
-2.90622427525340842891
2.09762848944756763458
-8.74425181804650719641
9.03492726691148284601
25.45760364812581855176
-43.68696820305998329559
10.74791372643839082457
-5.80449737065598458940
-6.34800514144400285232
-14.12040705140498353387
-46.07962037741102534483
-15.09266322177699848339
-14.32450165771071937115
7.19659402428493510939
4.27137691807005737132
-7.31757358545210756517
22.50330024917991522670
-2.01536265787954427253
2.71386471470446988263
-5.03484463041409036066
-15.54255002533073160009
-8.38760285010281236850
19.53505756620439370863
-8.26780770408582199593
-24.06305781332102000647
2.58098440174691079463
3.45023338348231245476
3.79298063133150886728
-23.87071755956804253174
35.21342177479304069720
11.03944178253975927362
0.45329462216589611057
-3.72091661814856200508
12.30378537169627684023
-0.91213075571066815073
-3.41225793610715166793
25.38457774356928453585
-16.69402267234265124785
5.26932898616760869714
0.07905914695036284079
-9.29156603439944106526
-6.23929498395384207754
-26.05333467735443520041
-17.19140108569558833551
-23.83653749931435683607
25.16174862594154149065
27.50293891042631244659
5.35393631320489493675
-17.50258044241112642680
10.12775592199779595148
-4.77033131464670034916
19.91546992438527752256
15.22682345035547690770
23.26302572945179747421
25.38724524152504358199
-4.58101687528906698077
-7.14687879921762014845
-8.84252437194238183338
-9.08010585058099195521
-4.20347736358082446628
42.22250936319245795403
-28.68965283849177438924
-9.96976092784736955821
-37.93981021341986803463
-7.87141109129938421063
-34.74681914170002272613
-1.59740242254525632859
-17.22384232567842232697
-27.23704351454210481620
19.49544555628524378221
48.84825117236766089945
-23.58263427549675483874
-14.51802599220151179793
-14.15080474404065391525
-20.91368912050025841154
13.47191414384056429299
7.74554433977363210317
0.80186060768526268294
-10.11442331474107270139
-1.21823245283051018184
27.72628147654186392401
-20.45582948932815980925
-0.33769497538426729299
-23.93524645246600357495
-18.58898177114317817882
-5.72016025632019431413
19.39018235548688906533
-8.03398814209528211450
-13.22509287968089175536
12.74326816752152780055
4.75390798634673750200
15.08457026850416582420
7.43753085109546585585
9.57682972754558470285
-23.83775245102135542652
29.85004613175717125273
8.17762425981305973721
5.83564361792199637335
-16.68401876453578935866
10.64792290938454399907
11.88282437231968202695
8.83398983323319164640
22.17795339130060483512
9.74458086788101596198
-15.57729054195650597592
22.15283566986487073791
-37.06890118995139715707
44.14076380159139034731
18.37600403345162547453
20.09444283899191319165
7.58652869842718757809
-11.44752939070409425426
-12.51124559429594640392
-4.08495709606657619872
5.25706250653767259706
9.73130049602002600295
18.14429120209676682407
-2.03637164359539468705
-2.42953897014713504632
-15.30123001483693379043
-11.21423301415370765710
15.46660376161165295628
-4.63612348517976791129
16.59169407702691501072
17.65658305061104016431
0.96433730619119895078
-18.92549475055661289957
13.45719617574374105118
-4.92474730818413064526
-8.23874783943121435925
15.72208925110193433738
-11.02259824547110866888
9.57318388538251952014
-7.50288602112356972640
5.85632693206767651617
-8.69008722510340092526
-5.08231798393028277872
-21.61289958858037962841
-21.81775669437708486953
9.55767187486167202337
-4.95381583941229131085
3.43638020584937908808
-11.83044529583786719229
-8.83093014896711636652
8.60393470543196592359
-25.87952979776277828705
-3.80106527429510743232
-20.29627983963679938029
-0.30168498584036013144
2.87300252573232128839
17.10341667143045540911
-13.18739038740489277757
7.72116411995875928653
-30.80840012257102245030
7.35598079222140821543
-28.45218770356517978826
2.03115012750953516374
-34.22959109851617398590
-3.53556671326498550556
-23.19727433253568804616
-15.68152583248239295699
-1.10612887078330235369
-11.90018227766559633096
18.54893543519902010530
10.54632431868744468773
9.00065913053248678466
23.30361070860956829165
1.53736374532508301982
-3.17222207140243783741
3.88825178987810726738
-15.01251348410793440280
20.19345007288682936064
-5.78202711474273378656
17.42230892408333531307
-24.12028905051651150870
1.66319628370542327289
-4.99250856143573429335
-10.31180284425108162338
19.03660749218024506035
-26.98013112915851152707
6.61414176533261422009
-20.38363781184623491072
-15.84096576901862718501
9.95633967017116994214
19.24311163590981266225
2.20368616188507981946
-3.59305967956260952079
3.14921942757633566146
2.11042905778175926557
-1.72451340581966050536
-6.24619255844117216014
13.40343499879668520691
-26.47929640328016276385
13.57619425540321422829
13.01009387128936012346
-3.99711683455619226635
12.94112942948071243165
-23.40179763098172571745
4.72134580688362692769
-0.93050705324836313626
-18.27842283768218578643
14.56383513997186263111
13.35661604288888426595
-2.46734773099417248332
-10.65133587822622374119
-0.56295598746725239447
-24.03205303341317744525
10.54196580181424103273
-8.37172244835824841402
22.79738758599481585065
1.89199723039441392025
8.41460839199226384721
22.80223656387605757345
-10.47294986368141778144
1.08537777089133191666
20.22181850837308658697
-9.91063801502922459008
30.56349656617643617551
9.54270113774288297748
39.69561307108833858592
-3.63297390550165832934
10.13319593366362703080
7.44724138904384158621
31.48935903041487804899
6.66112247772815191382
23.46144670226281547798
7.54817006212684216138
-23.09057931158886489698
0.80407355450647866046
-16.40145957464894266309
15.82202258019059115668
-50.50513301067219629203
-0.79896939423810697800
-44.72286591729019988861
1.59524350296558048434
-20.18921718455658620428
-8.95809805588255692044
-13.89628820427844324570
-39.86348856524043071659
-3.66319764030176520109
-16.95354677542512078503
20.86748450094710349845
2.39894066634525549020
3.88398971934293202324
13.16018014731394636385
-4.38528937916256378315
14.91888338488200815846
-2.17801249536483654268
11.35168656921731766829
-14.88157585165320639931
-2.43191366340331027729
-3.38992688501447680949
-2.61397990359732901311
-24.52190808031843616277
8.97491869993431024000
-14.94979526981456174894
-26.54509694030657485087
6.25413081274614590654
-4.58158804055389001775
-1.67527987941395717364
-6.51124999761550693478
-4.42001651771110282141
27.29895891522383166716
-13.13168391943345447714
-2.49104160985554790031
-1.11942815577191367993
8.03587038739038383994
1.76681241125342047837
-8.92034669608142927189
-5.44560680989246748140
-12.86806674071956102523
4.54289584867571072380
3.94122916420953339767
1.83122180528326450322
-12.14052724943494965260
2.27105854671848916837
3.89263348740739933973
10.31092333014485440401
31.97525626558607569905
-4.58105652150721276428
0.58133288481873302000
-2.49849398470591133048
18.53919794674817467239
-28.91719202622371298617
-33.21951717822611271913
11.36379910612420118809
28.63885930851981598266
2.32256633528811207157
-1.44152841503933504264
2.98479128373244462225
-39.16935374201071340394
16.57994930565084956697
7.26939263666848667356
10.05430737530578610972
-18.47720529169934877700
26.46258410987952558457
4.90712425740278312958
11.22330883922248112583
26.04144660408461220413
-15.63419146199859177671
-2.36715744162121533023
9.04532090798956289746
-29.70116988293369431062
16.64019625075357922128
7.82791102584658649022
4.07707378919259433303
-14.57184772624744084624
14.21889574695968327944
4.94402923588145348788
-1.04708927725029576905
17.18158811193629631475
3.45981275921646780347
-1.21019567971145258767
-1.13272941391335768557
9.12654418495362840247
-21.16006844678520337766
-23.91848336422576437599
18.87600799059916312217
18.47676545290101657315
-9.01143366594867423203
-5.20907083682164540051
-7.89352877795996121790
-12.25140279680887545055
-8.55156205549286596579
-9.20888934265969183457
-13.34090045899317011902
18.95663792606760722492
-4.15736605311058671219
9.32750329031764202625
0.96456430810333104731
6.73940475573139785581
-7.98974348843132542441
-16.27018383432429615709
0.70407383362495490342
-2.77685406913919674565
11.21491109216746373534
1.40358432037648528379
1.29303554230788297907
-11.60687640850109225710
11.96365014842777263482
11.54851379083284079741
-7.30764118915016336331
17.05575002657898764369
-21.06769790533244446351
2.64339488571265146533
13.12611640109961186340
-7.87909555879293677094
35.66749621114960433488
6.70061466904697411451
-6.23355974791846900729
19.53141223783674362835
-33.40512639685282181290
-0.70089802685900037815
-21.76748781465462911910
-25.95399660422221899125
-6.82724051108347307348
0.85591611268038303439
-13.96629049971342162451
-1.91201942438192218354
-7.71130197332621492023
-10.56922685389296567848
-2.06086278638792830264
-0.58717390124812851582
14.83346005329922689953
21.95883599208502090505
-11.77221128699766872217
-22.03503097415519818014
-7.36470251444736678792
-4.90220969639690462571
-11.54137315283240106112
-4.47639048997721200607
-3.36191893512592709925
-10.66007536643959774381
15.10713069388482665545
21.62790368176470323647
-12.02272293888051279964
-5.84104679454650721482
-9.66637310121696380349
-10.66859106047047234256
0.99114752515579707115
16.40102856436731570966
-5.48054838871941196743
-9.46589975542079997695
15.17890177429916498397
-4.04854310928087901544
-1.22985363294832894532
-12.75771473807552069957
3.80975758961438426553
-14.19178866424320162309
24.92202049864475199570
27.83480592369600969960
6.15204346665134593763
14.15413694583573800401
7.11546536385075434339
7.67942369591260831641
10.20054509613027349246
-7.66093954986192571255
6.67134220805010791366
7.37631413758071641240
22.65416382017869523224
-8.54788450317180448224
27.36731225106835907468
-1.05306162330436414720
-5.69435989759740746052
-7.52395311020946788716
3.08654952848948882504
3.05671094983063351691
12.02751291794747068309
36.90964399223933867233
-17.84181019850193550269
15.03613514068309342520
-17.76972939161012021714
-35.06586637312498311303
-4.55493553299457598627
-7.60692142003542937090
15.92668819872167595975
10.83969282271440270904
-6.50947462943105481514
-10.89540679456790783775
14.78554229553898657912
-6.30411701105381716559
11.34978713042526798915
4.49594745039478294046
-1.60698627313073294509
-4.94324660062926923842
3.28080839007936786444
16.68415824847284767429
-9.57798247993794227284
-4.58216021105174586836
-8.35532643395068141956
-17.65142901579256573541
-4.46521082430505167338
-9.16029492906384135154
-10.72353607892596194517
3.64450182631160135571
-3.14318896383047752252
7.90034768031646894570
-14.29880353161641259874
-5.44268529302053227781
20.05869280167058121833
-3.36347530144206885439
6.14420660061742385238
-0.08499734879221512718
12.61545161461805264480
9.51024382257740619195
2.87395657894570177859
11.14041950035497485771
3.45691659694688979698
-20.29148705034738853215
26.94580643579879364324
-7.66559731905920038741
12.09673287537149555249
6.89652791391937736165
13.82407666707258719896
8.97816654618276999145
5.09672216162069258161
14.91498795332597460117
-6.82406389280494174443
-7.44373454070789719594
-16.23870802730734297370
-10.87590346754927139727
-7.73333045051976153417
23.57166270055153134422
-18.27922412778935168376
-3.67262385529552748409
-32.12816772293091105439
-33.96271631181606664995
17.10419098896395340148
1.53886719100405788829
12.36402807770945067034
11.61730734508648943404
13.27238645779743286823
7.29623809894376140761
0.59645144042161801767
14.93244361792028485070
0.78361246432241982163
-21.80756095084866075240
40.90425516288667751041
13.02125659245023925337
27.23368274112030107403
-11.68115567264999299368
16.01377738115626669924
10.21666163459495457744
-7.86898401230629040981
-10.02350685771943261670
2.70071552726251207233
-8.27957253429121919908
4.14102616158388947554
-0.09101640070418171025
3.96251113583954683861
3.65938782584987132296
-17.72467018798552373937
-3.39812645231011067892
-1.24060542945202412213
-13.93619559338717905916
18.83320775197675800428
-15.51041880353445101548
24.63245904843248013094
11.17054444768824161827
1.54708797905612294166
-3.06368836783205233942
19.90889764140957041150
28.83469032874224780016
-5.14250668466688320990
-17.17501560849109765172
7.85496277498181338927
6.31333518434602858349
-10.11147463488899944650
-0.22084670182029828012
10.67560338092509475416
11.60283448193404609583
-3.62473499436780377536
3.02253772963712163957
-20.29227737498566241925
-22.72442937721310940447
0.77425017365985671081
8.86756494857720944935
2.79294198189311337899
0.23641945374248818368
-16.42673084438181874134
2.78242919999139326492
-2.76594633115784427346
9.82582480938206259680
-9.27667589389605140582
-2.57246447846845116558
-6.97934910456357293640
12.98214222923326310877
-12.24241759810732510516
-17.55790935379069139799
5.27990079953567192916
15.28078957847924890245
-9.78557113734559891327
-3.24586575033756652431
-4.37531101011965350978
12.69017214713767671697
-25.42962780104458175856
-5.12568686651703142587
-6.76152131373644138534
14.90525742838567246906
-29.97651659189401840422
18.08723420153538796740
-13.25068088852152037305
-0.80015440931741854680
-14.89785668056071621379
-22.70712897912617833640
18.33723137839890071632
-13.61101686121621945347
31.07756462924037066387
0.51443082975029397197
-0.95808204153481479892
-6.90492090646778500229
-8.50815868810695974389
-0.14963801227929116044
-2.63271768468711275801
-17.87187237613689916316
18.29753633876216767362
12.77477549297547909646
8.27714025277195908359
6.33027479631705602969
7.28278253771029859820
-9.62490045415085404557
1.69455185813618669499
-12.07987181044110869266
5.36117088210073866605
15.30670544268366306540
14.63959664091925461094
3.99812046366662832142
-2.78354790577254584960
-4.55516845304545370254
21.95574337174064183387
-11.95907232021733790361
7.34410798051976687617
20.67566000146489457734
-7.58338485881716106718
-3.14431592369659229647
2.34762971312666035573
-13.64431231680579159615
2.85638824263124124769
-1.74044658672454533033
-1.91643452834685978914
11.02710018737702135638
0.85631122973335094262
-18.87765297575117173778
21.10053037344867732372
16.73550744829273284608
12.11222176644937142953
-3.78307933278465391425
21.62558963499814623788
-0.44309601015571831173
31.50749683485353003221
7.59801458650475858292
-31.04734382214010324219
0.03924252450765775002
-21.39872447968513213823
-0.01379597903868284847
5.90662041463161813226
1.95531711269617280990
1.90037830607334035093
-8.21813299218651671652
21.68159592964352100353
13.43135789563842941163
9.95582733057420732337
-8.09608773622849220430
14.03462029319853598963
34.94041025879854345249
-4.08549877674276729067
-2.36187330152082930468
1.19741502578495495612
10.70722635861009131020
-22.89944812297801490786
-1.08977375686760336038
-4.89974177197303628617
-31.44843527775742941799
-0.82798594415969806182
-14.54447620727557755060
5.26076664974493368732
5.70349370829902735380
-26.84989767559279627562
2.95743352856154073649
-2.62465841722484283238
2.64021871794027163105
-2.93062137766260999427
5.49180574558629430726
-12.86766746772081582151
-15.15452454253913749938
7.57911378016924164314
-8.11845970147757611812
6.55099790038434637296
24.58561489174680403380
-21.43570038150313905589
-13.22382051456404994383
4.46236972595550973608
20.11838157975390473098
-15.79505476007367192892
-26.93501971016069163056
27.40043825874431249190
5.44917723227218608884
4.29105226020783891983
7.07269266087938319743
0.71432925745302777720
-13.01720398594825311989
-10.51500806137708821097
-7.02066685953664126885
24.57304319616273957649
13.60471010452495121967
-10.84497022845844149685
1.52546458275109331204
-8.74555220404716493476
7.96584955917500003864
4.64716162756907813502
-25.26181517860068481696
-4.01024601305593897393
9.59833193453181543475
-1.89412449709583330382
-54.94108824095626886219
27.34174724952441337678
9.52847311475084524091
-1.74340790547526980347
27.38713776258487442306
1.82640709539382917193
-2.10887807196427257139
-11.21942456595763282223
11.70416168911255105911
-19.81817379712999382946
2.00985013237967979904
0.19400784400466222768
-3.87730559461036294877
-30.39039164032107365188
16.81889120006710669486
-24.32765784683804710653
2.85028147843652135407
-37.87915059817436969070
-13.32647249920270837720
15.81303282941302157383
17.16261733285071855448
0.17118669772910188875
-27.27265097815892858080
27.89105952755863526704
-8.44203519718582384712
15.36661215041374894952
-26.43126607993612964265
22.64844650437051853942
27.31040234968425650663
22.77557569161387363010
2.23285498926687075993
5.91816006516898784895
-4.73912196282436237738
-9.59117659489192142530
5.43566542097097737951
-3.95258202917941847687
-9.20264516152073319688
17.30211174448629662947
-3.63026999177419273934
-8.80567444052474534999
12.56393557815405692679
-24.95152529048534972844
0.29067768467940086063
-10.51318235836808767658
16.35192902519397151195
-41.34499216785903286109
-17.75229192709328529531
8.71260479801406972911
3.31244828085299181097
-1.18734562070076554718
-24.63310585917129458267
21.97579727005998506684
28.24698794697841108814
-26.74488989006582073671
-21.91902486638897684657
2.43286652292027794076
3.64508476562633898510
-11.57007511998832249844
21.46678347791011276513
-9.30759343144769957235
-8.06001783363704049634
28.00495277772769497915
11.84610103412393833366
4.26391353641250248074
-25.79672351782803829678
26.10779399519522669948
-19.77048047627264892867
40.01282335216224339547
31.20648503181832822406
-4.92272779756631528869
-15.32719953251513977932
1.83137765646030525879
3.40750224489784958593
13.70554790824245650072
22.19136751245030225732
-6.96040286484581915971
-34.46866158965831061778
24.65116475742799195814
22.60750258811846791218
-15.75071494045362463510
-10.85341949102113190406
-13.15072161500230585318
40.49653980786884233112
-16.76871451897213560756
1.36014257537015881283
2.39757697793073276671
0.29140230982270526328
1.54318354438561278208
-21.05504145940574289853
7.41301022719413627016
-19.17975207620834865452
14.71899218567591738349
27.67510149087367565812
-17.28667440272471367280
-14.25620089563301107205
19.47407279186570505658
-20.22450297914795314114
25.71968024614773895564
11.29669212474938078117
9.57924520290240266718
11.75608803006110747447
-13.17477297078273679176
-29.68970052943792836686
8.14393744605197333897
-3.59678029544956556762
-7.66932903090097362053
14.63437051940379873827
-16.95802905095682788783
-14.41860881537287752963
3.56877107176543173495
32.49615423824860016566
-15.95345547589264256771
-6.69812415082141487943
15.38206033997795962875
-1.51282260055031514412
10.81245700948540466868
-20.49374679507141294721
-10.50870077021087745095
7.45920011831979135053
5.31379202751027968077
-10.27356514116783969826
23.05783769993905707452
23.86034937823711032934
4.76577421145296842298
-2.56820696479771504173
10.32927468400660409031
-11.82676060711556154104
9.30744020615359701765
-4.04610147620405591340
-12.25815256693674548671
-5.72841117580770831097
3.30482317764444477604
-13.53234537691934846748
-4.17624748652631438972
-8.61785321630553724503
-10.16972695398764336971
15.01954416224867294716
-16.25674986102180596959
1.33074501787844945433
4.78077347870779600925
-2.93555266263886638356
-17.48815314194061443231
-17.90614145399107925982
3.76069694576645652262
-8.23099113183393171767
20.23196101891839049358
36.78818042227153028989
-0.61445858575308209826
20.62659431224265205174
-10.34269357925612453641
-0.50216297052358438435
-3.38978589848757883018
-15.31413921458588056623
15.04421660894210610593
-11.72749446139208018280
6.80018067244968360541
-4.16570750360382380251
12.32527134420650760660
22.62235693637184397176
-32.02355560239099929731
-13.86369911869476290178
7.79212949229619589175
-4.86942982994362427718
3.77092478860811342045
-10.82060508575657920005
0.25969631547204247157
-8.32864886958584094145
-13.45649106090588453810
-19.39516108389889836872
24.25667963401123472522
5.36870432294405386386
24.46417290752282625022
6.09303999678435648235
12.13230654193715984945
12.72817406796706762862
-1.76373588917747059490
24.68580017571429863210
-31.25781247193443235233
-6.05994844247125552528
-0.59537703959215559912
-41.54249951783063465882
24.34894354499380852985
23.42952787605464592957
-5.67245607350593239460
7.27521877485037649080
-14.85908965254657765342
5.73781899909766490708
-8.22927608661386322808
20.59894690227825364559
-49.04201746360228497679
-13.03661249311427461350
-23.51581992182729408114
-25.76105341538433535220
-12.50242689943829610399
9.84732823125180267709
-20.18612814653332776516
-21.19545903506066508726
-15.36796834612734308223
-14.50290071231419197773
32.25045055186235742894
9.06435268981986652648
14.92811885113273717707
22.18202615091485441212
-19.32110838204690494990
-25.11375620457438984090
-6.29613481901463867274
3.26245437381536973476
-19.24702468895561224826
8.02492818946757680010
-8.20430419658056031551
16.15979490799214701724
-10.47172536849295809702
11.26588380255906507443
-19.52801938415834115403
6.31246044563080488388
-5.00195929390825178018
3.53904000073898217238
16.10950597701394926275
-20.12893792534928394389
15.81751126667792384239
1.39627142614586263747
4.77186095785037345252
-21.89716991013951741252
22.49943527554928479617
25.87700862078723318405
-5.91995339598885905730
-8.87448806144997881518
-11.81946703565146705728
-14.27096218979944453054
3.76590549678911745701
-21.88322518339332489745
9.20657669052121896414
18.61638253922939512108
-0.76285296206052044532
5.39667951219886443681
0.49620678657724920368
-6.07804633167049068732
17.37646821239528804881
-1.08952856544447662657
-13.30512731084101574197
-4.39398674873786010409
-6.00569525167107176600
24.49328564391987228532
-37.53891066244078444925
-16.63257991498880628001
3.71014404547048393113
-6.72660213831036912779
-4.64472806978002505929
-1.78055247082556933336
-2.16562479016318087943
12.47147465308159652864
-3.26142506599251014165
39.33240104403830628144
-5.41606786891747393753
12.52023111143612688068
-21.69114192156152398638
-14.31538655605477217136
-12.25871059523675477010
2.16575733293622629816
-11.34454143287925909078
-16.59595002795188278810
8.44779921011374668183
33.20730063881855897989
-24.98233195209524737379
-8.28655002969296639037
-9.20970800291665625537
-11.86221345225800405387
15.40138631519049816632
-12.20965821663905970240
12.23872685627883605264
-9.79371391361945597964
7.81678376018247877965
19.11201221601075062040
-8.49975143238915720190
14.02443102992284629238
25.00274120325295612588
2.19884343250919389590
5.69298582713644485409
20.98656499961554544598
10.77390969077548277255
24.58039176244766466084
-5.11283601860678693640
-20.37376378527246600925
1.42892490880387423857
-9.80512496034245728538
-2.93123913228608401482
-4.04006095074956927959
-0.92694359608800902528
-2.54216206994141424858
-13.89299531671071186167
-14.50774375137284089021
-8.80903310493728142205
1.13931007686589658157
-5.86690211530479821533
-16.66298918599351708281
2.23612733883411074487
8.65252085493446010389
-6.60320553312141989011
6.85614676535942191293
2.68441738097098259175
10.85301620776312248040
-9.63218646059016414540
-31.57792714923672861005
34.35474454178986292163
2.71390094250105740059
27.86489024445857864976
-6.99443168877174237252
46.30228405419740767002
24.75214587312803615760
1.13857731446970888989
-14.89946138425651689374
0.34059166986276923073
0.57720483920971832337
14.16207995265877883639
10.91430948963617808545
-16.43566961527169567603
-6.62783437033238875813
6.30043785535510547646
-4.15276779030509590740
25.51591814483220588272
-5.17651891062866997828
0.98381372165939939833
2.87562814945172151582
2.71461143181412589698
3.24674222412457647025
9.03224687303430151530
0.05023369005267240561
0.78603166123924039788
7.55831920716648486547
-7.68114493104759166187
12.68543967874842692822
4.99304188105545865284
-15.63379116440587068837
9.46992437658908237097
-14.23880332270285542506
-6.98679187138666790702
2.94148306687840888074
33.85093145836277273020
47.64634141984657844660
-36.19514870658326799457
-17.12010772759055754477
-15.57730190808201164998
25.93051906017428009932
-32.60637090312286545668
9.02761816607349487640
-13.96893443990173366842
-13.62035640125373348042
-14.16090879850687045405
-14.06415069708582343821
0.31859056244801958746
-2.25622428512866513017
-14.68563016372747043192
-15.50064691318135601250
-1.46162477478954744292
-9.35151185570182619244
-1.57575473378453145834
3.97303944418937771133
17.17471660183727522053
-8.54415482615276111744
21.86714035283146984057
-0.23025937844487234796
9.07190098069194128527
16.09063024638264138844
-2.93814924898452689561
-1.56263444536176354660
-24.42201119881775994713
12.47309361254051118806
-37.58715668587689862079
-3.99489813150813333209
-20.74902971516998206880
11.58715047919982943370
-15.31061443344600370153
-20.52888384912995434206
-13.44977374355931942773
-15.56818633866572731961
-18.91762333412574292879
14.36987676151203530139
-8.97604219437593187081
-19.87391566175183754694
-9.84134805404882051505
4.42005891829407726590
-5.51144486840746150591
15.14515122340113961741
-11.92694420132871080398
-29.62180489867401433912
50.58374896270717613334
4.49346370422515040133
-3.27970820139044416663
9.66724927329313743485
7.10875119435606883656
-8.12943078531187168778
5.01221278628723876380
-0.72923684897078500100
5.84538121752256500940
25.19923579691239368117
15.89346887331833002577
-11.33062856625312875281
20.55107987397175861588
-31.04076445619795876496
46.95213487095826820905
43.86978361627733846717
-22.94568597745778504304
-22.55019816612317384852
-13.35857897658167914301
3.63441331513091592242
-2.59285375142587248831
8.71090576923058890202
11.47399947021666122282
27.65988600257072604904
-0.23616488832230350670
-13.79160886292780219264
9.56423921000597587749
0.35635875692229945777
-7.77100068420412970482
-17.32462708593878275565
2.53856222975733425429
-2.48517221922635300757
21.41489324263968896389
-9.31903235291099818483
13.12239530831897837970
22.66714147940441392848
-4.53256701387796034908
-4.04848449750386940593
6.65986764453984658729
-13.16850833744635806966
-11.87897020801761271969
4.15230988153351621150
-20.37718933335089488423
-23.06137726343014904273
4.76960628798582408905
-0.63016709434948547930
-0.76595877306500270709
12.63834217320012243135
-7.69553155928533971775
17.02329852977408108927
-11.69014939070541458932
-18.75516692084897130144
2.55023953023591687383
-21.05860860201903150823
1.87180253699757481733
24.18554092739294603120
5.23670325021442639724
-20.54768480536798591629
1.01920512009083918947
20.49086808497536082996
13.96856853402265663533
8.93619781127375567564
-1.92976757802669096620
32.54130084148642509945
-35.92358066007207639814
-49.42973321285093390998
27.89897150201009523585
20.30534469739842506897
-3.98861053366802531528
-10.27773242795390551407
-2.27114604634813321837
-0.09085466546464061877
-15.97093175836625533748
35.41362511696404169470
-11.57744389780446248039
-6.86271779345579879816
-19.11799731195019802499
-4.47324640015398511395
-24.53049764598433668539
-25.81909391508891005174
3.99137495216438153989
-13.15133379772873034597
9.83549099981624408429
14.01077058809517694726
-4.83093874720792015864
22.99026385296826546778
-9.36621712620315349795
15.84697707559929291676
3.47732705550889908963
-3.88004585540188395854
-32.77562348671489189655
-16.93839524547213315486
-23.96550378957761751053
-7.29640963905409467571
-4.72503714734804258768
16.13152756987087954599
-0.50296985494320933796
-17.33296388381499752995
13.59119908896168027468
4.71545131951492191291
10.99662428472282726943
7.26953852327042060466
4.05540294327483330505
-31.46212069235761177310
19.95317960850242045012
-4.38704580967590285212
15.88621560003580057696
1.99104483552986288863
12.87801512283545513071
-6.25102300839601809912
7.00120920348230946217
5.49790748082784919148
5.77364731353404980752
13.02759970011254253563
-7.69719523120687654227
-4.61019846438065439287
-7.35158955180065554202
-21.84770706939216466935
7.03429476395110953035
27.43060226577418703187
2.24376524118691733634
-25.02383846116533661075
16.84400060298591483843
14.12719198709482881782
7.42694494584126196912
-6.88577041636370079658
9.78352120417286741372
-1.41809885845597394294
-8.60403449011101173483
13.98608203139052008623
-14.49001901590414398413
-11.61127690421823110967
-2.23536967265930508475
-8.72807615221942612038
-12.22895955112687538247
-13.91949450257838982736
29.59684306404970399740
39.76218878785054755554
-9.00445387659773466282
-14.75131508586590456389
1.36701904408075436415
-9.87108647764002355984
-4.19986266751266246189
2.54048893504230610674
14.87169234659336858329
-7.24132247054332012226
18.12378820849161797923
-0.84964862990652345598
18.06402337488865228465
18.34422156254390756658
0.36710156123853732169
28.62948703335310085549
-11.07393164386744999206
-40.47330274956289031252
21.90187420999484757544
-7.98203481635915057524
45.77225282062681799289
12.05321119485015657347
24.93342626587953958506
20.36547510107998348872
3.37022164617312025570
-3.10171671817571237284
4.90895627779273358016
1.97790847862984797700
-2.23152949882407458659
0.31019709791926580733
1.31504192497322058841
-15.51529084847888917409
3.20352235325306367031
-8.62255109962102039844
6.03307079064788354117
-1.07895191931927092455
1.13392984702446408818
-12.13945240742673803425
4.42304645211922231596
4.19995498231727282246
0.33635008618729433927
-0.53143214427196283633
1.78613831191203709103
-4.29970443929403867145
5.07543018505604770496
-7.31564950065725749795
30.02419409874191202903
22.76383142688060345904
-2.81613624176336552196
-10.05390764627544086807
23.50116948767073665749
11.39244329421338619568
4.34275251839927189934
-4.72300583980446386789
18.72282061870992464492
-19.72669325258550543367
27.69833533527609148450
7.81221744939262841001
6.99735735360722443943
0.72450251491125106096
9.96286844027606477425
-18.95049508483064926168
36.84101141803468237867
27.82862994358951169716
-8.40899325749562009946
0.89315598282490704651
-12.13827521702778611257
-4.32417226868315651700
10.58439841739484066352
-15.14292999208019629975
10.00342020142062260391
21.70037346366873620696
-10.13738942143357668613
-4.16804704812688164850
-20.68732517131274306621
-0.74371429404198585722
-4.24012201087618123552
0.70018902226250989695
-4.56514610106506601994
17.20843457331369208418
-19.65843753538492677535
-7.80413219936038071722
-9.97243313363254557657
15.92784203929808128919
-9.38451358666826607191
-8.73378125857544063138
-28.34687599445895145323
-1.03356051734604825754
-5.01681875745016370161
-1.94235278032098435119
-5.14876147871812328560
-5.25221373203650987449
12.73080944243916512448
3.80567551567503503662
4.34948706899539150328
-13.77934177844848306904
13.78220204822693695235
-6.10918485367658981033
8.00907823022804876700
-5.99031881170211555343
22.54151830978143422612
-8.79444788428946466752
16.50097398702600415277
-0.19462731634332838815
5.54303390456973144040
0.94259012107535711245
-2.39450710376818687308
-1.16445772947297410127
-10.50363146129794955641
17.49704560487169757721
-4.90745432078419430155
-9.92549159529658631129
-5.99787431552196181883
16.11546491520542545572
-15.04956746046851279175
-5.43396088550864053701
11.50821538323096149270
10.09429398131026545116
-1.48493067772622322487
-10.95749426930450631801
24.97429647043107792115
-13.15906755171013386985
-4.37179178832311432501
3.77196093747417693365
-1.95551740711712485066
7.77577006806653781013
5.94676214237650224703
-17.36120070401488035827
-2.74905693528324324149
-2.93084488311698754259
-23.87496209704269034546
18.22399992364721299509
-23.15032950812069856283
-15.65400740266797541267
16.00331535376790270675
1.61090130361103578416
17.65737950880821216515
-14.78816202900141796306
16.43653703827360601508
15.55910118986889756343
24.64932857906170937667
0.29113222150505041474
-5.94978502477687776206
2.08140859598637328887
-9.77376841871613599722
1.88235477686189400792
10.54039491472101275349
16.50865693482587204244
-12.85834764400086172031
-27.47260421391775864208
13.58146962402543067583
22.21695701626809338336
-5.79229671016656588733
-1.85536609454563450328
-2.10060708016288844036
12.48608529059975857933
-13.51660840003159691491
-4.76027990394986932898
-17.33144996823784111939
-4.26551253007965058828
-20.08503902281649899919
-11.87909672325155874262
-5.17947680097400997568
8.67700842695017371398
-35.52655146626115367781
-15.07179953030930086300
6.38531336959293405187
-10.96973623914412954150
8.17107798067498869443
-7.02620294823516555738
24.90692406870167729949
-9.01511662724106521694
27.91978171162055488708
23.08853749017028889057
10.02056221350718345775
-11.03704399564090188335
11.58030927531968679034
7.01173412541526275277
-4.57700405248399366798
13.94563994072971979676
14.76174448693351592965
-2.95951578911315182907
-28.56079006660565511311
15.46019988177311255129
-22.68618838818993310724
-42.75708362205485002505
16.51595544541031657104
6.16831154861930297528
3.01664727131396093185
15.68253150357602088150
-26.34788189206716779722
-26.04356446828752424949
-1.18683648715702028120
-23.94608563825329383690
1.33582458806948078944
18.85587762894506980160
2.77111048779823931909
23.72637151263572974358
-28.32251456645289877656
3.37306652099182935345
-19.77098670633218091552
-16.16585933144757092350
3.89447158279374283651
23.80203309858416460543
-23.11568285881640605339
-30.35504922463383792319
7.56259564136505968435
-1.64070871326192913031
3.06297176492349576549
21.97116787447492214369
10.85032491503986484815
-6.88478191692372210042
7.17582437517109639202
-1.03624503242753274179
9.94605020676793394330
2.69199733102810956353
-3.71436937210831130685
1.69772950079941997714
6.70554736177028853916
0.76729857459342998283
-1.13244514208170432568
-8.72266698891824354689
-14.10182983258604672017
-7.13588175856344797410
-9.62068290791633451420
3.16906687015250154715
13.19509759090385436764
-22.02765309584371067331
15.69312419417413551059
26.93509677035171634429
6.20434134982397100799
-9.13100280522382767856
20.60448982366916936826
9.80831447099404662993
21.90420733099653460840
-5.76135975260100430262
-13.04162834105545698549
5.22325926465218692840
1.19718910968258751559
-9.54304397448319008390
22.93056417737860996908
-8.79536641834981480770
26.59949347253657947476
30.03522338492752652428
6.37463846324109706387
-46.49488284750146505075
23.19481518660644780994
21.29175575482863891352
19.25350316797330307850
-3.51879127681868641986
0.68175090462405962821
-7.33759943352359922386
-19.14969436802846303181
-13.72724770420497009127
-0.53893239213536914267
-0.90474806974126764647
4.10969865303624004582
-21.37954332312066796362
13.30132319289479525537
20.38723929871894569033
12.79094853989059821231
-7.43479800912975630212
39.10809762447445336875
11.89758076755810733971
22.73985996924119845630
7.32587914233748893622
0.00658913958412467304
-3.53119026782051381730
-3.10994405058492207061
0.60861591349275845353
13.60477247557543201140
-5.98025008854119288770
5.83092076927362068517
29.53190499739559626846
-8.12364417169121288964
-10.74817501306463007893
-1.45293285305211439251
1.87441429520100188988
27.93466981559832973403
-10.86944761504132550556
-1.51108714741654881486
12.26195686173815069253
1.07753100695050529900
-6.77669303219038887676
-1.45071745048227440655
-21.76890099757901708699
16.53728352634885467864
-2.71282178760689252073
0.73960729175776296351
25.87198398809633559381
-19.46630982787296559877
-19.12621808950714807906
14.10389302243452469554
17.60157092348625340605
4.03142658877167026077
5.14171399886185742645
-21.56307722042401664453
11.21688658564016805030
17.32507192126629291806
-40.85814195207350962846
31.05961697214931405142
19.39440019052170427472
33.30515897394538171739
12.23450741043668266173
26.20415605769108680079
-4.76954077095966599842
21.03599707089064096976
18.60551843783148839861
-13.36665802336063890721
-29.34452307992775743628
-3.80054797323624260486
17.60720248177540980805
-4.83621994887757100656
-21.90348993926940934784
-0.65879957369478292506
-27.33762627548851753545
14.59129109640580423957
4.73729940850665798280
3.61818891710464951572
4.09415847428556389787
16.36096186558436471614
-12.45414873969371249984
5.61402755616556525808
19.78112541715168148926
-14.32304678234600103792
18.85872066386864176479
-2.58630203584258788752
-4.57786507976904921691
-1.03371946249761470504
-15.55769564541904159682
2.30482443936255521066
-6.76627935523009771401
0.84111051632607125583
16.84710777764162159542
-20.08116339194984334426
-13.74484966019725007413
7.11079612395657978396
15.50387881967708914033
17.62358135165351669116
-3.95873544853631287310
11.10714899060146088061
31.19429243607117285819
-32.69580621668297482074
-40.48501341201162517791
2.11530434755094098875
14.88048334932625316185
-14.49732006970253372913
-9.24706175576918276704
2.46270351034719325867
-3.53106057685179974825
-0.46928308517154476709
-18.80539704948553492159
21.78546633747460603558
5.43060944296989411839
7.43241767953623977405
14.39378385226014955833
-7.58973314840109214430
7.45213559356824983837
-0.15753427765808591943
-20.48307509583468188907
-5.31898272758976098373
50.08846378564452805904
4.56373684729626027945
-27.03860637714603143422
18.23924672780569977704
21.61864163256568005522
-5.44637862246853465820
5.05827537413881067607
-14.75443856864752234515
-9.76428500176463565197
9.66079170616523974502
3.75075888725582595740
29.43484175195349550336
-19.70652259389445504212
10.68482460973247505365
16.51116367307163557143
4.21747157432939978605
-17.55981494581593338467
2.64438297975332448075
-11.97074103403148193081
-4.57790169882068909146
-6.17639046228772237157
-3.40374479101217630728
16.72524868117900354036
-29.80235227905905048829
-23.16670936067121999713
2.59010387649211581973
-0.30386515509885902997
2.00845073550964814402
30.42150009299943391738
-25.75390602745488877190
-2.95690083664309266709
-5.25118475338849766132
-12.23692876920684291520
31.56927345240497828627
-8.40779132662192552061
29.95178242060554296700
-4.13227347953511170431
39.93852752324995947220
13.64421408017779491217
22.32053012452486129291
25.76697389472290211643
-0.58203644856612835046
-10.42993645396338742160
10.47090554683535934544
-12.50771316999731652686
6.32701449646744684685
-5.47856659690394742768
12.90658452892052565630
-1.64878642744408265841
0.04107171544171275834
7.65183281604878118287
4.17053955352026051173
-6.32312406026160633843
15.97729614567970557459
2.98173601952969136164
3.28458053322933452023
-8.68643556369992886346
-7.42167900944732039648
-0.65015367072629792755
-9.11166402900656002828
14.76173027834047779550
-13.79646605730791009137
-25.64237385480980080388
25.21226626894259581491
59.70299467892964884186
-6.62514596467563610105
-13.06581266084407388917
-10.66808561359565388216
-1.98956706204942390670
-0.87634440868578533657
-3.91358831527492734281
-6.04783111169743392566
14.72151596953569452353
24.03303753337759829378
-19.52096388657665926303
-17.57061472954775283029
-38.23619032747433976738
4.17414938032091509257
9.92823316776295428099
-15.55993928106921941890
-19.13823081947391102631
-3.72358507292372920006
-19.12017776308477934322
-1.97930866449206765978
-4.90740366645893644204
-26.68119616160851848008
-9.80411446826291665957
6.49566510197933943971
9.30574826905696816937
-10.54757172412213606094
-1.01270191940672216191
6.13160181551188721016
2.81192421236444634047
-7.30297783674941136667
17.47452117505385160712
-40.84841372303698392443
24.64202365650898229887
-12.33680821586469988915
-10.01660315462195605107
1.45694577201779185138
5.96558812578301633778
-5.15533381195841133859
-3.93298822485562737938
3.05720502022423090693
2.79702473524339945143
-24.40386422411034672564
0.71428490052546800282
-21.63412302154243960217
-16.27173192398184653484
6.10869763639211704742
1.10481582077611761861
-13.45954947841705795497
-14.18741112363248113581
-18.85704961597260620465
11.74787533740893330503
-18.49269064483043933933
5.34645018981308961514
-18.08204582932343740254
-9.86684959760000879214
-0.25954552884825932146
-19.31580664528623714205
5.73474906084731550493
-2.26806694844155654067
26.80146125890551189741
10.41209499465993815193
20.31717795541421622829
13.29497002290080942544
19.40149039517515561215
27.99721400909480806263
9.55934590306800124893
-17.01762428507609214989
6.28095139160981830173
7.99984445871850091692
-14.17707412929869548179
-8.97960801904594951850
12.61601638049434725986
44.87514493097524592713
-17.39162437260691262964
-13.93083815079587317598
-0.78277353879211586385
-16.27901867658645329584
-13.67611617870987039680
-9.60591370389743737235
-4.40269078508527300642
-7.33545240082992844322
-15.07276707839394980226
-17.81579963995369197960
16.74017371178301516466
-29.59881075781785852996
27.20340322388992859715
23.82660261971864557040
14.39167356061875935325
-7.52329457811766033615
36.43103366194280567925
15.79280223013041073443
6.82871108066188270413
-10.25858873054842668182
15.91096319840243467070
-15.73236244877955947175
12.43433904292072966769
53.15905730096333314805
-25.88914208004657169226
3.77197880949823494134
-0.44669377311785896101
-0.70411349804095146876
-13.88195538441015486342
4.03427576779236130022
1.60007372623030330594
-24.85101245259966873391
-1.85877889045987076955
3.49599114902782881487
-6.26520372188053453755
11.43710346913824338344
-20.07976621012808138289
-18.36741850005764575826
-12.73628865918405494995
-19.48853217303799922888
10.50531399323299375226
12.41741551748988570125
9.16879296474490601554
5.61721942356451808820
-1.67157974450804269750
8.17395081713647542188
2.59707902424371628314
-13.60959953698641555775
11.25993602614148159091
18.73008105349509833104
-15.59290856073500464163
3.74545425107118923336
-2.12546507354567326686
12.47987654271828183994
13.18918087835166019772
18.41658288544898880446
-18.60975990320574879888
-20.18068570994186217149
-2.00796906458562363085
-12.23467072229624719171
-3.53454863276319253274
17.59315942093296314397
-14.56163372118836996094
14.99897396754333200874
-3.53937444351554342248
-14.12662927088845421508
-7.97301336505111546415
-29.41631350075047990345
-5.25083985418472121154
-0.55079742329758563102
-19.44827772441976065920
-18.07475427626230413125
7.90833030310651707850
14.23125336857146727709
10.05663607765007050432
-19.32006513709372086396
14.05471465055952329237
10.98470332052991160765
9.47698512729927955434
14.33992302590151624031
2.74815400497474771058
-13.52311707560762243929
-16.22182796779272706544
-1.24209249437127922100
-9.44195939840770215312
-19.27838058273988508518
3.07693843447727077844
14.86330142496672124253
10.63973644980706723118
29.24826024584051609168
-34.07687452184731569105
-14.33812376392747012233
-12.98323138678960653181
19.57336134244939174209
-35.09804112724480518182
-27.89155645901531244135
26.73015198541459724879
-0.78387421022843339902
6.35098832337240448709
-2.20823334130248438711
2.13631111299081588584
-11.05751501692177463099
-10.25385736063963193487
3.64544961839050829511
-0.71544258068319166455
11.05709510946029716649
18.36786563971935137829
-4.88396723372728036594
-6.21260477050560222523
12.52468148066830799792
-4.36789706661075349814
-4.91333953843727488930
-8.95869234403834724390
-7.92679103004438623259
-1.58424121145213536721
17.02344033331988981672
-16.29799487511873223866
27.55529296339314271336
-7.94125015946294432467
-13.21091259257314831643
-20.10318187056883232344
-3.26309465587056779512
4.78572689827064667867
-13.58146706116987445512
-9.05000815460529217660
6.59492011221121110509
-13.30862777162202448267
26.01984739506989541269
-9.48925107842580040085
-11.36166083736937792992
-15.27390125151316269125
-26.94952491690862927953
7.50046936027324750995
-14.94057607317309255279
32.06216368331519817048
9.42642937034452721434
32.19167536961163023079
16.68025167924070828462
-1.15483933640649860664
-15.35850048049723781673
-9.54157839942251584375
6.28872410060101394436
-20.88903906943824395626
7.44980936582787212075
-24.79217595726686340640
-32.68981003926145945115
-8.34657081525599586769
5.48862450353875797049
-22.61856836450917285219
-6.78285554274567559219
-12.33941601576976765386
22.30251510689161520418
-24.98042860939542109122
-15.75425717068786291009
10.62729113012288806317
7.11116858729132861328
9.63100152078925475507
-2.59258958237042769213
12.88311865835014913273
33.84533823332154867103
-15.98540056742903558984
-21.04839966008076501680
-18.85643035299276704109
-6.17977830030427544017
-19.93609547711525564750
-23.54244097984644668031
9.28697221282264884223
13.00819265193620388743
-4.42762701645135159367
30.03605439012831013201
-15.19551161263080629737
-29.40024510711316807487
2.51374892097817470571
14.30286423744053081464
-4.99364491802593768455
-9.36478701107682276472
-7.36364607380646951640
-0.45011584712590368973
-23.14658850576043747083
2.39709034846055368817
-2.38701009774833750043
35.68080823136521928518
-38.82469765655943660931
-25.54698384461390148203
-17.90363839373761578599
21.79660964950244661509
-39.81574519750258644990
-27.64911348248271849570
-13.72635428835476645304
2.51960460927241225448
16.59699090280922817442
29.60194663104875090198
-14.70633276190581106846
-9.92283184065736634238
