0000 0000 1.741709951952e-04
0000 0001 1.044015508075e-04
0000 0002 8.273269890607e-05
0000 0003 7.019147373651e-05
0000 0004 6.134236448952e-05
0000 0005 5.452204779216e-05
0000 0006 4.899354603207e-05
0000 0007 4.436374019685e-05
0000 0008 4.039770176967e-05
0000 0009 3.694361873908e-05
0000 0010 3.389756959963e-05
0000 0011 3.118517872186e-05
0000 0012 2.875128905669e-05
0000 0013 2.655378452788e-05
0000 0014 2.455971025698e-05
0000 0015 2.274273650543e-05
0000 0016 2.108144459900e-05
0000 0017 1.955813507966e-05
0000 0018 1.815797852205e-05
0000 0019 1.686839753235e-05
0000 0020 1.567860853670e-05
0000 0021 1.457927638169e-05
0000 0022 1.356225008725e-05
0000 0023 1.262035795712e-05
0000 0024 1.174724675680e-05
0000 0025 1.093725404805e-05
0000 0026 1.018530577447e-05
0000 0027 9.486833290775e-06
0000 0028 8.837705516055e-06
0000 0029 8.234172961452e-06
0000 0030 7.672821162299e-06
0000 0031 7.150531619793e-06
0000 0032 6.664448785685e-06
0000 0033 6.211951946099e-06
0000 0034 5.790631105610e-06
0000 0035 5.398266160392e-06
0000 0036 5.032808794116e-06
0000 0037 4.692366642831e-06
0000 0038 4.375189363157e-06
0000 0039 4.079656307388e-06
0000 0040 3.804265563955e-06
0000 0041 3.547624165282e-06
0000 0042 3.308439299954e-06
0000 0043 3.085510394087e-06
0000 0044 2.877721949369e-06
0000 0045 2.684037043524e-06
0000 0046 2.503491413859e-06
0000 0047 2.335188056663e-06
0000 0048 2.178292285258e-06
0000 0049 2.032027197676e-06
0000 0050 1.895669511780e-06
0000 0051 1.768545731281e-06
0000 0052 1.650028610841e-06
0000 0053 1.539533892415e-06
0000 0054 1.436517288345e-06
0000 0055 1.340471689535e-06
0000 0056 1.250924579473e-06
0000 0057 1.167435636921e-06
0000 0058 1.089594511892e-06
0000 0059 1.017018761065e-06
0000 0060 9.493519301334e-07
0000 0061 8.862617717534e-07
0000 0062 8.274385888060e-07
0000 0063 7.725936935761e-07
0000 0064 7.214579742752e-07
0000 0065 6.737805610505e-07
0000 0066 6.293275842709e-07
0000 0067 5.878810184557e-07
0000 0068 5.492376057415e-07
0000 0069 5.132078532505e-07
0000 0070 4.796150991584e-07
0000 0071 4.482946426478e-07
0000 0072 4.190929332941e-07
0000 0073 3.918668157553e-07
0000 0074 3.664828259403e-07
0000 0075 3.428165351042e-07
0000 0076 3.207519385735e-07
0000 0077 3.001808860403e-07
0000 0078 2.810025505780e-07
0000 0079 2.631229337330e-07
0000 0080 2.464544042326e-07
0000 0081 2.309152680179e-07
0000 0082 2.164293674724e-07
0000 0083 2.029257078633e-07
0000 0084 1.903381091493e-07
0000 0085 1.786048814362e-07
0000 0086 1.676685224793e-07
0000 0087 1.574754357431e-07
0000 0088 1.479756676290e-07
0000 0089 1.391226625785e-07
0000 0090 1.308730348472e-07
0000 0091 1.231863558270e-07
0000 0092 1.160249558732e-07
0000 0093 1.093537396612e-07
0000 0094 1.031400141666e-07
0000 0095 9.735332842447e-08
0000 0096 9.196532428184e-08
0000 0097 8.694959740924e-08
0000 0098 8.228156789123e-08
0000 0099 7.793835976003e-08
0000 0100 7.389868888170e-08
0000 0101 7.014275864504e-08
0000 0102 6.665216294152e-08
0000 0103 6.340979596068e-08
0000 0104 6.039976835864e-08
0000 0105 5.760732938867e-08
0000 0106 5.501879461221e-08
0000 0107 5.262147883581e-08
0000 0108 5.040363394531e-08
0000 0109 4.835439133257e-08
0000 0110 4.646370863249e-08
0000 0111 4.472232050931e-08
0000 0112 4.312169325087e-08
0000 0113 4.165398294839e-08
0000 0114 4.031199705681e-08
0000 0115 3.908915914717e-08
0000 0116 3.797947667835e-08
0000 0117 3.697751163032e-08
0000 0118 3.607835385479e-08
0000 0119 3.527759701278e-08
0000 0120 3.457131698115e-08
0000 0121 3.395605262226e-08
0000 0122 3.342878882252e-08
0000 0123 3.298694171670e-08
0000 0124 3.262834602562e-08
0000 0125 3.235124444510e-08
0000 0126 3.215427903425e-08
0000 0127 3.203648456082e-08
0000 0128 3.199728377104e-08
0002 0000 1.274101268089e-04
0002 0001 5.835695589928e-05
0002 0002 3.804563747018e-05
0002 0003 2.720385549720e-05
0002 0004 2.024402207798e-05
0002 0005 1.540958551854e-05
0002 0006 1.190216671148e-05
0002 0007 9.286949947075e-06
0002 0008 7.300403376763e-06
0002 0009 5.771186643757e-06
0002 0010 4.582308817441e-06
0002 0011 3.650999116722e-06
0002 0012 2.917121233182e-06
0002 0013 2.336086957903e-06
0002 0014 1.874308564055e-06
0002 0015 1.506165676696e-06
0002 0016 1.211917856584e-06
0002 0017 9.762306202249e-07
0002 0018 7.871122779252e-07
0002 0019 6.351334274827e-07
0002 0020 5.128454382605e-07
0002 0021 4.143417939679e-07
0002 0022 3.349237275936e-07
0002 0023 2.708430938925e-07
0002 0024 2.191031522942e-07
0002 0025 1.773032318540e-07
0002 0026 1.435169529076e-07
0002 0027 1.161963122171e-07
0002 0028 9.409583785706e-08
0002 0029 7.621240948228e-08
0002 0030 6.173736824109e-08
0002 0031 5.001831034785e-08
0002 0032 4.052853989192e-08
0002 0033 3.284259958766e-08
0002 0034 2.661663836840e-08
0002 0035 2.157263765102e-08
0002 0036 1.748572250154e-08
0002 0037 1.417394366909e-08
0002 0038 1.149004186092e-08
0002 0039 9.314804481146e-09
0002 0040 7.551703251426e-09
0002 0041 6.122563180942e-09
0002 0042 4.964062725219e-09
0002 0043 4.024904352120e-09
0002 0044 3.263526207902e-09
0002 0045 2.646250778976e-09
0002 0046 2.145786658328e-09
0002 0047 1.740015759791e-09
0002 0048 1.411011377902e-09
0002 0049 1.144242999828e-09
0002 0050 9.279322432390e-10
0002 0051 7.525311220965e-10
0002 0052 6.102993523749e-10
0002 0053 4.949618589522e-10
0002 0054 4.014312394487e-10
0002 0055 3.255828462001e-10
0002 0056 2.640724969115e-10
0002 0057 2.141887249453e-10
0002 0058 1.737330179197e-10
0002 0059 1.409227378837e-10
0002 0060 1.143124239155e-10
0002 0061 9.272999385691e-11
0002 0062 7.522502264789e-11
0002 0063 6.102680993336e-11
0002 0064 4.951038319733e-11
0002 0065 4.016893396713e-11
0002 0066 3.259146927838e-11
0002 0067 2.644469126093e-11
0002 0068 2.145830464575e-11
0002 0069 1.741310350502e-11
0002 0070 1.413131134387e-11
0002 0071 1.146874820632e-11
0002 0072 9.308479148357e-12
0002 0073 7.555663844441e-12
0002 0074 6.133380121398e-12
0002 0075 4.979237203978e-12
0002 0076 4.042629308985e-12
0002 0077 3.282508482649e-12
0002 0078 2.665578484809e-12
0002 0079 2.164830098791e-12
0002 0080 1.758353305581e-12
0002 0081 1.428373972454e-12
0002 0082 1.160472606486e-12
0002 0083 9.429507516478e-13
0002 0084 7.663171176340e-13
0002 0085 6.228708064063e-13
0002 0086 5.063632824408e-13
0002 0087 4.117242031489e-13
0002 0088 3.348390397103e-13
0002 0089 2.723687007194e-13
0002 0090 2.216032211810e-13
0002 0091 1.803430801043e-13
0002 0092 1.468029263858e-13
0002 0093 1.195334796315e-13
0002 0094 9.735817263238e-14
0002 0095 7.932175086135e-14
0002 0096 6.464857098591e-14
0002 0097 5.270876658567e-14
0002 0098 4.299079578691e-14
0002 0099 3.507916593624e-14
0002 0100 2.863635797590e-14
0002 0101 2.338815808970e-14
0002 0102 1.911175348061e-14
0002 0103 1.562607091258e-14
0002 0104 1.278393491046e-14
0002 0105 1.046570244539e-14
0002 0106 8.574095791286e-15
0002 0107 7.030007622963e-15
0002 0108 5.769095200347e-15
0002 0109 4.739014999851e-15
0002 0110 3.897177149830e-15
0002 0111 3.208921876706e-15
0002 0112 2.646038555501e-15
0002 0113 2.185562946434e-15
0002 0114 1.808800386981e-15
0002 0115 1.500532525339e-15
0002 0116 1.248373200454e-15
0002 0117 1.042245621570e-15
0002 0118 8.739581821130e-16
0002 0119 7.368606174603e-16
0002 0120 6.255656931452e-16
0002 0121 5.357243907013e-16
0002 0122 4.638449746255e-16
0002 0123 4.071481236323e-16
0002 0124 3.634519566975e-16
0002 0125 3.310819848502e-16
0002 0126 3.088021827499e-16
0002 0127 2.957641868110e-16
0002 0128 2.914725023457e-16
0004 0000 1.091504940011e-04
0004 0001 4.131668658648e-05
0004 0002 2.290886415902e-05
0004 0003 1.409097223000e-05
0004 0004 9.060247901347e-06
0004 0005 5.972487967017e-06
0004 0006 4.000428351342e-06
0004 0007 2.709328837935e-06
0004 0008 1.849769644945e-06
0004 0009 1.270626903384e-06
0004 0010 8.769405813587e-07
0004 0011 6.075010524039e-07
0004 0012 4.221155546023e-07
0004 0013 2.940230667235e-07
0004 0014 2.052150665099e-07
0004 0015 1.434717190418e-07
0004 0016 1.004461925846e-07
0004 0017 7.040673073664e-08
0004 0018 4.940026527164e-08
0004 0019 3.469073010899e-08
0004 0020 2.437879875431e-08
0004 0021 1.714274573280e-08
0004 0022 1.206089198778e-08
0004 0023 8.489402404102e-09
0004 0024 5.977864429320e-09
0004 0025 4.210783914727e-09
0004 0026 2.966934382809e-09
0004 0027 2.091048275127e-09
0004 0028 1.474065573806e-09
0004 0029 1.039330708563e-09
0004 0030 7.329330381867e-10
0004 0031 5.169390346695e-10
0004 0032 3.646456812144e-10
0004 0033 2.572485365733e-10
0004 0034 1.815010802019e-10
0004 0035 1.280693546471e-10
0004 0036 9.037471592122e-11
0004 0037 6.377949542588e-11
0004 0038 4.501372210510e-11
0004 0039 3.177139894682e-11
0004 0040 2.242609587644e-11
0004 0041 1.583054114361e-11
0004 0042 1.117536876861e-11
0004 0043 7.889539765450e-12
0004 0044 5.570129349612e-12
0004 0045 3.932812179440e-12
0004 0046 2.776939205070e-12
0004 0047 1.960903094084e-12
0004 0048 1.384759296678e-12
0004 0049 9.779645851278e-13
0004 0050 6.907254335252e-13
0004 0051 4.878930292655e-13
0004 0052 3.446550222937e-13
0004 0053 2.434950399530e-13
0004 0054 1.720467934733e-13
0004 0055 1.215794888331e-13
0004 0056 8.592876910132e-14
0004 0057 6.074209837786e-14
0004 0058 4.294607953719e-14
0004 0059 3.037041992398e-14
0004 0060 2.148246893940e-14
0004 0061 1.519980706883e-14
0004 0062 1.075793262806e-14
0004 0063 7.616844110428e-15
0004 0064 5.395081448420e-15
0004 0065 3.823153036220e-15
0004 0066 2.710649395931e-15
0004 0067 1.923020044051e-15
0004 0068 1.365173536873e-15
0004 0069 9.698948566629e-16
0004 0070 6.896650098819e-16
0004 0071 4.908827022218e-16
0004 0072 3.497825987331e-16
0004 0073 2.495517645979e-16
0004 0074 1.782922717104e-16
0004 0075 1.275815999969e-16
0004 0076 9.145519345033e-17
0004 0077 6.568734083453e-17
0004 0078 4.728277284216e-17
0004 0079 3.411721955320e-17
0004 0080 2.468316443492e-17
0004 0081 1.791003581526e-17
0004 0082 1.303693937395e-17
0004 0083 9.522590987771e-18
0004 0084 6.981541698287e-18
0004 0085 5.138989543506e-18
0004 0086 3.798767670395e-18
0004 0087 2.820622815880e-18
0004 0088 2.104133692132e-18
0004 0089 1.577253434768e-18
0004 0090 1.188193330611e-18
0004 0091 8.996417200407e-19
0004 0092 6.846515974952e-19
0004 0093 5.237044858200e-19
0004 0094 4.026245767628e-19
0004 0095 3.110812096338e-19
0004 0096 2.415181693070e-19
0004 0097 1.883931917431e-19
0004 0098 1.476164181126e-19
0004 0099 1.161621026153e-19
0004 0100 9.178424960557e-20
0004 0101 7.280182698875e-20
0004 0102 5.795569552901e-20
0004 0103 4.629631988928e-20
0004 0104 3.710058790611e-20
0004 0105 2.982248681553e-20
0004 0106 2.404194821074e-20
0004 0107 1.943454068776e-20
0004 0108 1.575336138555e-20
0004 0109 1.280152677802e-20
0004 0110 1.043077958360e-20
0004 0111 8.521227939351e-21
0004 0112 6.980029454810e-21
0004 0113 5.734660827432e-21
0004 0114 4.725690765990e-21
0004 0115 3.908261837377e-21
0004 0116 3.245482058904e-21
0004 0117 2.706913440803e-21
0004 0118 2.271092882756e-21
0004 0119 1.917208769958e-21
0004 0120 1.631838047193e-21
0004 0121 1.402912606739e-21
0004 0122 1.219595544483e-21
0004 0123 1.075830705838e-21
0004 0124 9.650867264053e-22
0004 0125 8.835501894594e-22
0004 0126 8.274065675598e-22
0004 0127 7.942659529516e-22
0004 0128 7.837282606273e-22
0006 0000 9.762791149731e-05
0006 0001 3.131915345729e-05
0006 0002 1.492558109866e-05
0006 0003 7.950977702867e-06
0006 0004 4.440008564489e-06
0006 0005 2.545354366793e-06
0006 0006 1.483846515590e-06
0006 0007 8.750930162695e-07
0006 0008 5.204441202371e-07
0006 0009 3.114961483148e-07
0006 0010 1.873582254616e-07
0006 0011 1.131339044549e-07
0006 0012 6.853116157685e-08
0006 0013 4.162133962052e-08
0006 0014 2.533346178664e-08
0006 0015 1.544859722355e-08
0006 0016 9.436386180832e-09
0006 0017 5.772833163915e-09
0006 0018 3.536911173982e-09
0006 0019 2.170423516824e-09
0006 0020 1.334275012244e-09
0006 0021 8.220656507914e-10
0006 0022 5.079557991263e-10
0006 0023 3.151146314745e-10
0006 0024 1.965771412043e-10
0006 0025 1.236050468324e-10
0006 0026 7.859744335598e-11
0006 0027 5.076612723588e-11
0006 0028 3.349402117561e-11
0006 0029 2.271987301627e-11
0006 0030 1.594957307504e-11
0006 0031 1.165051191682e-11
0006 0032 8.880316010145e-12
0006 0033 7.059118871560e-12
0006 0034 5.829799661609e-12
0006 0035 4.972168121748e-12
0006 0036 4.350250664459e-12
0006 0037 3.879896990215e-12
0006 0038 3.508866639018e-12
0006 0039 3.204583048012e-12
0006 0040 2.946600033052e-12
0006 0041 2.721965415603e-12
0006 0042 2.522366309685e-12
0006 0043 2.342370392700e-12
0006 0044 2.178341569812e-12
0006 0045 2.027770745881e-12
0006 0046 1.888862202804e-12
0006 0047 1.760277438348e-12
0006 0048 1.640976062114e-12
0006 0049 1.530116562100e-12
0006 0050 1.426994041563e-12
0006 0051 1.331000818326e-12
0006 0052 1.241601191433e-12
0006 0053 1.158315012581e-12
0006 0054 1.080706752438e-12
0006 0055 1.008378016709e-12
0006 0056 9.409622459208e-13
0006 0057 8.781208142732e-13
0006 0058 8.195400387279e-13
0006 0059 7.649287934225e-13
0006 0060 7.140165374369e-13
0006 0061 6.665516342292e-13
0006 0062 6.222998848063e-13
0006 0063 5.810432239032e-13
0006 0064 5.425785451287e-13
0006 0065 5.067166321521e-13
0006 0066 4.732811796936e-13
0006 0067 4.421078922889e-13
0006 0068 4.130436519253e-13
0006 0069 3.859457474479e-13
0006 0070 3.606811598611e-13
0006 0071 3.371258987576e-13
0006 0072 3.151643856375e-13
0006 0073 2.946888803868e-13
0006 0074 2.755989477138e-13
0006 0075 2.578009605284e-13
0006 0076 2.412076375764e-13
0006 0077 2.257376128971e-13
0006 0078 2.113150348022e-13
0006 0079 1.978691923449e-13
0006 0080 1.853341673311e-13
0006 0081 1.736485100871e-13
0006 0082 1.627549373742e-13
0006 0083 1.526000508835e-13
0006 0084 1.431340749439e-13
0006 0085 1.343106120631e-13
0006 0086 1.260864151742e-13
0006 0087 1.184211753378e-13
0006 0088 1.112773239596e-13
0006 0089 1.046198484554e-13
0006 0090 9.841612049330e-14
0006 0091 9.263573595932e-14
0006 0092 8.725036584310e-14
0006 0093 8.223361730717e-14
0006 0094 7.756090428844e-14
0006 0095 7.320932693703e-14
0006 0096 6.915755935106e-14
0006 0097 6.538574502846e-14
0006 0098 6.187539952329e-14
0006 0099 5.860931983854e-14
0006 0100 5.557150009780e-14
0006 0101 5.274705309305e-14
0006 0102 5.012213731551e-14
0006 0103 4.768388910968e-14
0006 0104 4.542035962873e-14
0006 0105 4.332045627299e-14
0006 0106 4.137388831779e-14
0006 0107 3.957111648503e-14
0006 0108 3.790330618936e-14
0006 0109 3.636228423884e-14
0006 0110 3.494049878408e-14
0006 0111 3.363098230292e-14
0006 0112 3.242731745757e-14
0006 0113 3.132360564523e-14
0006 0114 3.031443808626e-14
0006 0115 2.939486932452e-14
0006 0116 2.856039298410e-14
0006 0117 2.780691969053e-14
0006 0118 2.713075702714e-14
0006 0119 2.652859144156e-14
0006 0120 2.599747200628e-14
0006 0121 2.553479595740e-14
0006 0122 2.513829594065e-14
0006 0123 2.480602889895e-14
0006 0124 2.453636654890e-14
0006 0125 2.432798740598e-14
0006 0126 2.417987030285e-14
0006 0127 2.409128938902e-14
0006 0128 2.406181057212e-14
