0000 0000 6.417793254037e-04
0000 0001 3.631690687094e-04
0000 0002 2.770115252927e-04
0000 0003 2.276089361591e-04
0000 0004 1.932380206599e-04
0000 0005 1.672383461913e-04
0000 0006 1.466458582209e-04
0000 0007 1.298671308712e-04
0000 0008 1.159385750351e-04
0000 0009 1.042273725713e-04
0000 0010 9.429152720912e-05
0000 0011 8.580726710919e-05
0000 0012 7.852837273088e-05
0000 0013 7.226197064804e-05
0000 0014 6.685339449605e-05
0000 0015 6.217630710295e-05
0000 0016 5.812600984394e-05
0000 0017 5.461475487454e-05
0000 0018 5.156835726586e-05
0000 0019 4.892367600535e-05
0000 0020 4.662669206008e-05
0000 0021 4.463100777727e-05
0000 0022 4.289665136276e-05
0000 0023 4.138910779827e-05
0000 0024 4.007852182744e-05
0000 0025 3.893903458295e-05
0000 0026 3.794822608203e-05
0000 0027 3.708664306444e-05
0000 0028 3.633739666632e-05
0000 0029 3.568581796454e-05
0000 0030 3.511916197600e-05
0000 0031 3.462635257019e-05
0000 0032 3.419776215809e-05
0000 0033 3.382502109854e-05
0000 0034 3.350085260283e-05
0000 0035 3.321892958837e-05
0000 0036 3.297375047229e-05
0000 0037 3.276053134032e-05
0000 0038 3.257511229355e-05
0000 0039 3.241387608506e-05
0000 0040 3.227367741844e-05
0000 0041 3.215178150303e-05
0000 0042 3.204581064935e-05
0000 0043 3.195369785181e-05
0000 0044 3.187364644568e-05
0000 0045 3.180409504648e-05
0000 0046 3.174368708455e-05
0000 0047 3.169124433856e-05
0000 0048 3.164574395031e-05
0000 0049 3.160629847144e-05
0000 0050 3.157213855241e-05
0000 0051 3.154259793568e-05
0000 0052 3.151710046013e-05
0000 0053 3.149514882291e-05
0000 0054 3.147631487969e-05
0000 0055 3.146023129399e-05
0000 0056 3.144658437231e-05
0000 0057 3.143510794591e-05
0000 0058 3.142557817933e-05
0000 0059 3.141780920474e-05
0000 0060 3.141164949659e-05
0000 0061 3.140697891644e-05
0000 0062 3.140370636970e-05
0000 0063 3.140176802885e-05
0000 0064 3.140112608870e-05
0002 0000 4.226400051536e-04
0002 0001 1.528819957493e-04
0002 0002 8.118498994250e-05
0002 0003 4.781826886395e-05
0002 0004 2.940048509158e-05
0002 0005 1.850007101872e-05
0002 0006 1.180711768265e-05
0002 0007 7.605845160113e-06
0002 0008 4.930749299898e-06
0002 0009 3.210892339634e-06
0002 0010 2.097683991254e-06
0002 0011 1.373656375197e-06
0002 0012 9.010985738838e-07
0002 0013 5.918748825291e-07
0002 0014 3.891440294628e-07
0002 0015 2.560414539427e-07
0002 0016 1.685594611148e-07
0002 0017 1.110151145549e-07
0002 0018 7.314000818797e-08
0002 0019 4.819927566940e-08
0002 0020 3.176987846596e-08
0002 0021 2.094417705480e-08
0002 0022 1.380930180599e-08
0002 0023 9.106101972372e-09
0002 0024 6.005377266781e-09
0002 0025 3.960883542443e-09
0002 0026 2.612683394805e-09
0002 0027 1.723554544945e-09
0002 0028 1.137126767816e-09
0002 0029 7.503117672779e-10
0002 0030 4.951404117324e-10
0002 0031 3.267945033419e-10
0002 0032 2.157189099867e-10
0002 0033 1.424221593298e-10
0002 0034 9.404876537599e-11
0002 0035 6.211933769664e-11
0002 0036 4.104049619073e-11
0002 0037 2.712229568695e-11
0002 0038 1.793026487875e-11
0002 0039 1.185808095122e-11
0002 0040 7.845734640818e-12
0002 0041 5.193639400873e-12
0002 0042 3.440014702735e-12
0002 0043 2.280000281234e-12
0002 0044 1.512294594171e-12
0002 0045 1.003948351455e-12
0002 0046 6.671339822761e-13
0002 0047 4.438155695244e-13
0002 0048 2.956311094065e-13
0002 0049 1.972139033954e-13
0002 0050 1.317833742600e-13
0002 0051 8.823358582767e-14
0002 0052 5.921032850764e-14
0002 0053 3.984080772943e-14
0002 0054 2.689422510600e-14
0002 0055 1.822692853926e-14
0002 0056 1.241555494278e-14
0002 0057 8.514397400536e-15
0002 0058 5.894911564412e-15
0002 0059 4.139567989670e-15
0002 0060 2.971724005479e-15
0002 0061 2.209422836918e-15
0002 0062 1.735188214852e-15
0002 0063 1.476633874481e-15
0002 0064 1.394578032038e-15
0004 0000 3.492734889631e-04
0004 0001 9.281676351824e-05
0004 0002 3.680847642985e-05
0004 0003 1.639622814956e-05
0004 0004 7.659145146573e-06
0004 0005 3.669605891116e-06
0004 0006 1.785501673130e-06
0004 0007 8.775987968692e-07
0004 0008 4.343617214002e-07
0004 0009 2.160478564994e-07
0004 0010 1.078465315018e-07
0004 0011 5.397810888577e-08
0004 0012 2.707086034429e-08
0004 0013 1.359751525019e-08
0004 0014 6.838317063226e-09
0004 0015 3.442499034231e-09
0004 0016 1.734482258735e-09
0004 0017 8.745838186921e-10
0004 0018 4.413230804170e-10
0004 0019 2.228671227953e-10
0004 0020 1.126426130893e-10
0004 0021 5.698812761754e-11
0004 0022 2.886532259336e-11
0004 0023 1.464188209182e-11
0004 0024 7.440519290780e-12
0004 0025 3.789660596090e-12
0004 0026 1.935753952382e-12
0004 0027 9.923906934266e-13
0004 0028 5.111007347210e-13
0004 0029 2.647391438457e-13
0004 0030 1.381043078891e-13
0004 0031 7.266975722930e-14
0004 0032 3.863789411217e-14
0004 0033 2.079636799785e-14
0004 0034 1.135202604452e-14
0004 0035 6.295066410822e-15
0004 0036 3.551043819005e-15
0004 0037 2.039477397463e-15
0004 0038 1.192918529768e-15
0004 0039 7.103677465280e-16
0004 0040 4.302701984066e-16
0004 0041 2.647264207507e-16
0004 0042 1.651745673046e-16
0004 0043 1.043332617325e-16
0004 0044 6.660278948262e-17
0004 0045 4.290131084092e-17
0004 0046 2.784566736535e-17
0004 0047 1.819092491868e-17
0004 0048 1.195000503723e-17
0004 0049 7.888323640804e-18
0004 0050 5.229894282818e-18
0004 0051 3.481424164372e-18
0004 0052 2.326516882300e-18
0004 0053 1.560958441221e-18
0004 0054 1.051634170380e-18
0004 0055 7.117068711826e-19
0004 0056 4.844318220170e-19
0004 0057 3.320614612848e-19
0004 0058 2.297838502575e-19
0004 0059 1.612603554450e-19
0004 0060 1.158197476627e-19
0004 0061 8.595173551856e-20
0004 0062 6.741068977241e-20
0004 0063 5.727840308726e-20
0004 0064 5.411296054370e-20
0006 0000 3.035757615130e-04
0006 0001 6.170423349678e-05
0006 0002 1.865571020769e-05
0006 0003 6.392597688695e-06
0006 0004 2.305911487995e-06
0006 0005 8.551654339328e-07
0006 0006 3.229659656856e-07
0006 0007 1.238011515757e-07
0006 0008 4.825643476680e-08
0006 0009 1.930530590026e-08
0006 0010 8.104098057628e-09
0006 0011 3.719671976487e-09
0006 0012 1.971638365079e-09
0006 0013 1.251008671794e-09
0006 0014 9.350845352801e-10
0006 0015 7.815645826843e-10
0006 0016 6.955241306934e-10
0006 0017 6.393753070951e-10
0006 0018 5.979422258875e-10
0006 0019 5.648680050471e-10
0006 0020 5.373053830263e-10
0006 0021 5.138333712005e-10
0006 0022 4.936339344568e-10
0006 0023 4.761625248659e-10
0006 0024 4.610131397496e-10
0006 0025 4.478606298137e-10
0006 0026 4.364341337603e-10
0006 0027 4.265033912752e-10
0006 0028 4.178706422812e-10
0006 0029 4.103651469916e-10
0006 0030 4.038390829378e-10
0006 0031 3.981642688683e-10
0006 0032 3.932294515065e-10
0006 0033 3.889380130479e-10
0006 0034 3.852060131003e-10
0006 0035 3.819605056963e-10
0006 0036 3.791380874827e-10
0006 0037 3.766836423925e-10
0006 0038 3.745492544759e-10
0006 0039 3.726932654084e-10
0006 0040 3.710794567625e-10
0006 0041 3.696763401833e-10
0006 0042 3.684565409959e-10
0006 0043 3.673962627922e-10
0006 0044 3.664748223423e-10
0006 0045 3.656742455467e-10
0006 0046 3.649789164302e-10
0006 0047 3.643752723112e-10
0006 0048 3.638515390753e-10
0006 0049 3.633975014163e-10
0006 0050 3.630043035335e-10
0006 0051 3.626642763273e-10
0006 0052 3.623707878030e-10
0006 0053 3.621181137047e-10
0006 0054 3.619013258433e-10
0006 0055 3.617161959684e-10
0006 0056 3.615591133026e-10
0006 0057 3.614270140960e-10
0006 0058 3.613173218961e-10
0006 0059 3.612278972607e-10
0006 0060 3.611569960621e-10
0006 0061 3.611032354424e-10
0006 0062 3.610655668585e-10
0006 0063 3.610432556264e-10
0006 0064 3.610358665862e-10
